time,x,y,z,phi,theta,psi,x_velocity,y_velocity,z_velocity,phi_velocity,theta_velocity,psi_velocity,rotor_speed1,rotor_speed2,rotor_speed3,rotor_speed4
0.06,-1.6757206847010828e-07,4.6795267444809024e-07,10.006947111830039,0.0003518749853839154,0.0001503268778613176,0.0,-1.522747847221861e-05,3.942907666719244e-05,0.23155141935215806,0.01557323262683682,0.007096976952554665,0.0,475.65565660086014,476.19870353802537,477.1131640321119,478.30038292007083
0.12000000000000001,-5.7203841894028205e-06,1.3595800207747149e-05,10.023294989650976,0.0014976359183389576,0.00017048818999665372,0.0,-0.00019754110549496037,0.0005022427539953639,0.31335826052972315,0.025345297897660816,-0.018756994343108135,0.0,432.6218906034498,430.4398694641997,430.3709806011733,431.1971274323378
0.18,-1.6875608971499675e-05,8.669033673910197e-05,10.048620799324741,0.0026915277940515736,6.282421910128175,0.0,-5.2156023013605704e-05,0.0020999524897848264,0.5307589318965037,0.005831786259131014,-0.009842735761981688,0.0,472.9272677367981,473.61337538954297,473.1184244535647,471.6138321213948
0.23999999999999996,-1.0838212477816092e-06,0.00027295087462330715,10.084637864292583,0.003142361733101673,6.28196562779004,0.0,0.0006345363741317302,0.004151895670272722,0.6697380475223769,0.010682159447462281,-0.003467264529151044,0.0,449.17677882120574,449.69354592973394,449.19451857644503,449.58750938490823
0.3,6.711556189878298e-05,0.0006014948205765735,10.1314642643707,0.003950364983537291,6.2821004260996585,0.0,0.0016406772246170655,0.006886607337459435,0.8909953313846506,0.018523359748147353,0.01174638225511717,0.0,473.8344006351409,475.00234234191265,473.89187690224827,474.494015887083
0.36000000000000004,0.00018321606249758335,0.0010916058662896774,10.185765728996975,0.005098532884514562,6.282799227634541,0.0,0.0021652075611580954,0.009553563662698201,0.9190307722284003,0.020334248057250915,0.011446566349099904,0.0,414.54838153287363,414.5219263230663,413.9094504880072,414.0687542432965
0.4200000000000001,0.0003183444638469101,0.0017843083196905588,10.245703235516189,0.006227126725443455,0.0007604634547488942,0.0,0.0022338366110203275,0.013666156320766235,1.078748047117922,0.015572474521257644,0.03118607498053065,0.0,456.4528102072388,458.0251515088322,455.5977528389818,455.21685968987293
0.48000000000000015,0.0004284842400406226,0.0027429608266354146,10.314439083042513,0.007161570564540476,0.0024381572907010707,0.0,0.00124681794261768,0.01838801978832038,1.212313551631564,0.015577242664744625,0.02057541125622451,0.0,448.2128742474325,447.3499969662405,449.42214749279,449.4224331302167
0.5400000000000001,0.0004512263707313305,0.003990204280988929,10.389074696571678,0.008566997067325666,0.0035003091527174846,0.0,-0.0006001382869991255,0.023302471859043394,1.275470380129981,0.03573069385142648,0.011229260063960366,0.0,427.1634950159984,426.36577871068454,425.46162633704654,427.1835237856996
0.6000000000000002,0.00033366354092381837,0.005589407390953524,10.470385681150926,0.01051235877767187,0.004364850605489856,0.0,-0.003403866579474133,0.030230178874523537,1.4347068954936872,0.024815192657760513,0.02011098597539207,0.0,456.41111951866156,457.1192486129459,457.522904089834,456.6534614518596
0.6600000000000003,1.9398884693070694e-05,0.007662063527788918,10.562813279696773,0.011840390136338641,0.0053348220922115885,0.0,-0.007201009448502724,0.039022883804347576,1.6459306419908275,0.016145373186006416,0.0068005953189680425,0.0,474.1397225200645,473.1160167582757,472.459524478235,471.79065860220766
0.7200000000000003,-0.0005620495279573888,0.010336076002577264,10.671475887746672,0.013536493989772858,0.005267260377144645,0.0,-0.012213113155267335,0.05029551943611135,1.975644284491353,0.045386548661559105,-0.025881034788817744,0.0,508.43577470735886,506.0891282800378,505.87384584015626,507.9749867634139
0.7800000000000004,-0.001401757846264876,0.013655406320776301,10.793831137790997,0.01635696422505717,0.003356901262940859,0.0,-0.015596740427501497,0.060639598401699794,2.1026353418988073,0.05006685590119396,-0.047731698285637204,0.0,449.5279163519094,447.75342460981005,449.50031315638137,449.88070783307074
0.8400000000000004,-0.002394279170542518,0.017631899589726507,10.922300768168391,0.01970505719608795,0.0007481497081025523,0.0,-0.01721827432434783,0.07222269749646973,2.1795367958620115,0.06532640951432636,-0.036103331220288234,0.0,433.4712648445886,434.44616800836195,433.1408301470831,434.424335910772
0.9000000000000005,-0.003434664760869284,0.022383972149294308,11.055898700643716,0.02382441566651128,6.281940330738021,0.0,-0.017251468825349437,0.08658303074082012,2.2735360466171812,0.07459587714852045,-0.027998200672764557,0.0,439.202328300478,439.8735530750053,439.3771075901218,440.1484848695672
0.9600000000000005,-0.004433535349308598,0.02815146341595383,11.197875776948871,0.027976123219130677,6.280102865712912,0.0,-0.015843978919829176,0.10615500382119068,2.4586397996414378,0.05529623650863506,-0.03647458207649314,0.0,467.754751462362,467.0939325395795,469.36596005100085,467.8690818805119
1.0200000000000005,-0.005310840357942792,0.0351213318342144,11.348741955905206,0.031100564091005367,6.27779915084308,0.0,-0.013167808313795297,0.1265016374274297,2.5699771555617357,0.044695757312525515,-0.0425423860169469,0.0,446.69572936932883,446.19993445523323,446.71741030122337,445.85392241025517
1.0800000000000005,-0.005989412251967231,0.04331373261197351,11.504304552208245,0.03465595560369206,6.275206292543828,0.0,-0.009210227786211025,0.14687673695151796,2.615327040882603,0.07872107844432798,-0.04459277333317492,0.0,426.1058057635608,425.9293621737438,424.18686379265023,427.1011143751466
1.1400000000000006,-0.006378371115064289,0.05281191477089754,11.662859774289387,0.039199300935762516,6.272307465588092,0.0,-0.003491798930031808,0.17016652004068034,2.669700712647323,0.06893004189248211,-0.05704511964932164,0.0,430.00755215854014,428.94983184631906,429.01363164960054,428.1862129079904
1.2000000000000006,-0.006375726372510213,0.06375799391749612,11.823795957864698,0.04338909686541648,6.268758233314124,0.0,0.0038960161719968052,0.1950782825476724,2.6947578034943893,0.0715706664641146,-0.0637432909502643,0.0,419.55507900248915,418.9704222511289,420.0824707712732,420.3154029855063
1.2600000000000007,-0.0057927327557905145,0.07648361657095981,11.990900358804785,0.04830508856913873,6.264421357270447,0.0,0.01598233272914025,0.2296193270937158,2.8749180996309085,0.09718167131861052,-0.10076390165138271,0.0,469.7154027351922,466.8312829444014,467.9910329836584,469.98507684238774
1.3200000000000007,-0.004387918421231613,0.09136776908100196,12.16814443433735,0.0539084353429411,6.258540112295915,0.0,0.03149591806540984,0.26713098825640746,3.032760939061309,0.08446195237611563,-0.09303612043662038,0.0,462.10506602991626,462.7059671965628,463.9561122270054,462.96329696253196
1.3800000000000008,-0.0019684664039013103,0.10852846640152225,12.353091083082466,0.059171397307211215,6.253750972657063,0.0,0.04966593352352753,0.30540245308019065,3.131810501764218,0.093534162465186,-0.061621958151040074,0.0,444.8264444660587,447.3860058346227,445.1504511731586,445.89854936096583
1.4400000000000008,0.0017426144415801463,0.12831418022796862,12.547598681709756,0.06467477872068539,6.250660390757815,0.0,0.07441831857004211,0.3547468731537704,3.351095446225025,0.0878325763446929,-0.03653577569763483,0.0,481.5272712156484,483.4196256596426,483.1066557154517,482.68288934243174
1.5000000000000009,0.006930912830228144,0.151038429360644,12.752911052034902,0.07009258298407506,6.248239855137653,0.0,0.09875901221769469,0.4032756194972835,3.4921696352894758,0.09481542648396175,-0.04931354028024153,0.0,462.05908749900726,461.04979826629284,459.9111915234462,460.470441272347
1.560000000000001,0.013572311275542637,0.1766676690511931,12.964901848724415,0.07539668533489774,6.2455706530870465,0.0,0.12289013469212438,0.4515615092309751,3.5738728572768217,0.0707649880098883,-0.03625643493089908,0.0,443.33320824945605,444.4036273494832,444.13193121342147,442.1611885217689
1.620000000000001,0.02170343928431382,0.20527817364988965,13.18156697976499,0.07959133650069905,6.24416283016382,0.0,0.14830661502189665,0.502514296367361,3.6480084088082254,0.06814636553296055,-0.0056747709411595244,0.0,441.06429195740776,443.58270448203757,441.3410479743866,441.1286119295411
1.680000000000001,0.03131713526186533,0.23689599104872675,13.401032448952137,0.08347779803099264,6.24421407203859,0.0,0.1721574992887518,0.5517636103839665,3.6673971362135336,0.05699827850860031,0.011464438891663613,0.0,423.8098998595624,425.2805712462478,425.3085983683821,424.35591950271817
1.740000000000001,0.0423749123099297,0.2715744648107701,13.622102606099363,0.08657419875392058,6.245235318269602,0.0,0.19634883075019754,0.6044743674260975,3.7014558714301047,0.03773620674690782,0.02629901621533834,0.0,429.52321584002533,430.7794812904263,430.14401091625746,428.5113449677375
1.8000000000000012,0.054966391920952457,0.3097088423930163,13.84796625798137,0.08882391142001733,6.246667713970568,0.0,0.22318970397290183,0.6668676737694386,3.826882468753158,0.037008927978562214,0.01851779280050993,0.0,458.64234316436176,458.0239325829023,459.4995977811638,459.44254977418456
1.8600000000000012,0.06912314493803426,0.35160060417093864,14.080975619787862,0.091411015604411,6.249110876025693,0.0,0.24848115112197205,0.7297346622710056,3.9396737645694873,0.053160392782321535,0.06618282390574637,0.0,453.44923647337345,457.26313932447664,455.92236221647784,457.2120176933943
1.9200000000000013,0.08474146721548345,0.397339383771293,14.320944212527898,0.0948073301252439,6.254090462073243,0.0,0.2716290828173305,0.7951915566223292,4.058819953332606,0.06272930977628263,0.10441641514754932,0.0,457.25447316681215,460.2953167344722,458.43071687578845,459.1925416724421
1.9800000000000013,0.10164086940311143,0.4471025757314046,14.56830369415753,0.09879666304549772,6.260761032375225,0.0,0.29097645536294203,0.8639417034019365,4.18598838367899,0.07310711723775411,0.1220840237533303,0.0,461.4271868114303,462.83019187602326,461.8480556331356,462.66898306369126
2.0400000000000014,0.11947561623539624,0.5007141494598448,14.81964561357113,0.10364750659878386,6.267800384565978,0.0,0.30287265966170385,0.9235099902416035,4.192000422793938,0.09301650670990111,0.10552503467581226,0.0,426.1681883473051,424.7631760856782,423.4846155090216,425.1993442358106
2.1000000000000014,0.1379193631057897,0.5581274102103551,15.072661865163248,0.10933416564011011,6.274038453509576,0.0,0.3113147991461637,0.9907689288409011,4.24161140880671,0.09808344938289684,0.10065874319715028,0.0,439.80008340656633,439.40634483191843,438.7409711833149,439.169233995634
2.1600000000000015,0.1567307267870536,0.6194249038857724,15.32630192526199,0.11502298087986418,6.280214768924754,0.0,0.3152174863778935,1.05296224207183,4.213083657144155,0.08731249509147458,0.10714419531731122,0.0,413.684988985146,414.2657667689917,414.71078161624297,413.7718156286962
2.2200000000000015,0.17567494572660722,0.6848621957663253,15.580935505268288,0.120311841952911,0.0033973982966255534,0.0,0.31563237525248605,1.1287461781497803,4.2743783426614455,0.08976673614666845,0.10402935628338991,0.0,444.06555011741307,443.8198171604908,443.0339396175563,443.2421797547916
2.2800000000000016,0.19453375218060456,0.7545505347258586,15.835974237259792,0.12572291561088367,0.009793535843888534,0.0,0.31247958349793215,1.1946368696208174,4.227001720459431,0.09100680395554167,0.11130309447630601,0.0,407.7383649613267,408.39878858922714,408.52240713316735,408.64056484519097
2.3400000000000016,0.21309011778405612,0.8283503478317538,16.088726798720458,0.1306733898600596,0.01695865746712588,0.0,0.30548010188116553,1.2657923049612838,4.198091743013509,0.054291922908671825,0.13204969315063345,0.0,413.29793863959543,415.1363439738061,416.3134074958755,413.0936278027039
2.4000000000000017,0.23103598777075268,0.9069547943184191,16.343237344242844,0.13393215499842626,0.024932373386506335,0.0,0.29191662317326605,1.3546131428867203,4.285168059269009,0.054354362582251466,0.13453320539345684,0.0,451.5399968172172,451.7562557559275,452.7176532414112,452.7245812088333
2.4600000000000017,0.24806913040449372,0.9906179902992498,16.600505192189043,0.1371991592576105,0.03305656349891173,0.0,0.2751343501854209,1.4344163672017667,4.290311215168343,0.054640729116044576,0.13708685135377258,0.0,426.98766594927764,427.2232253342666,426.46326796862945,426.48984273721913
2.520000000000002,0.26388962653014214,1.0793549248545584,16.85974421656196,0.14022904598698815,0.041422976599040595,0.0,0.25141727887893606,1.5237212190237828,4.350643354234052,0.04056516932478081,0.14376966706339372,0.0,445.8992365936607,446.46282316611513,444.2770940811705,443.1229876202459
2.580000000000002,0.2780987010475202,1.1735708958750264,17.123083898010943,0.1430078880460064,0.05051599256243744,0.0,0.22134683944502662,1.6169894757622536,4.426926738024482,0.05585931951678697,0.1637635404383598,0.0,449.5265529774175,451.1649488788065,450.46001842897016,451.69642782386256
2.640000000000002,0.29035918179583664,1.2733144504228087,17.39014928914616,0.14660962420115808,0.06100557263559292,0.0,0.1863725257951772,1.7080552813642649,4.474912952487343,0.06727823295986173,0.19082369148375183,0.0,441.67752289210983,443.932715032659,442.0625535745628,443.00513363814423
2.700000000000002,0.3003843550893108,1.3784207506416395,17.65895502285961,0.1500572401494198,0.07267928075445251,0.0,0.14676568777521942,1.7957875062098176,4.485066004225189,0.015463512783131537,0.20113986809992948,0.0,430.15681126838155,431.0677609203248,433.90705124602937,429.5364749688698
2.760000000000002,0.307397544156824,1.4896744144596148,17.93389764603822,0.15173007792509186,0.08477117934770284,0.0,0.0856555489660518,1.9126452588534075,4.678705449566041,0.045295917831935005,0.2023026112559962,0.0,488.0986049912343,488.2211961930853,487.1960314466126,489.42179115483225
2.820000000000002,0.31099426434626193,1.607039364495839,18.214333013031275,0.1543608714975777,0.0967273192090623,0.0,0.03318997233532747,1.9996960129121983,4.668995463650195,0.04077869972467006,0.19239486537078135,0.0,427.5114824740111,426.7068823389981,427.45482704769984,427.0708134352424
2.880000000000002,0.3115133376776299,1.7292294947972287,18.491386308348012,0.15749964992784626,0.1081190274710071,0.0,-0.016759760779943185,2.073519954610014,4.566368173540884,0.06882147623747058,0.184251820679943,0.0,396.06867273074835,395.3588137371164,393.71795383161464,396.3064096639571
2.940000000000002,0.3083667861720524,1.8566042425750613,18.76674401148718,0.16167954551705677,0.11904444778683043,0.0,-0.08913617702391724,2.172593676250088,4.611767280205854,0.0712997728093921,0.1773809758123199,0.0,445.9564320471431,445.4267385503235,444.3818936292901,444.5887100618224
3.000000000000002,0.3005455813109829,1.9901579949154622,19.04579385384268,0.16708352807218763,0.1296457591694713,0.0,-0.1725736108725583,2.279557626500788,4.689248876643351,0.11305318507525816,0.17526851582444888,0.0,456.11332905897365,455.9737867380658,454.80501123087424,458.1432599090892
3.0600000000000023,0.2874292670408495,2.1303288532845386,19.330010269675476,0.17339426001732505,0.14014975134372332,0.0,-0.26563598665989185,2.3933204210875862,4.78383049359528,0.08075431668325048,0.17466008685794873,0.0,463.2310888797495,463.2113748876586,464.07463627587526,461.5408231579337
3.1200000000000023,0.2684857259733464,2.277466744606185,19.62003245242817,0.17892530397634676,0.15071350036027464,0.0,-0.36681114076591487,2.511634762582698,4.882743537128828,0.10857879086877334,0.17872555023912953,0.0,465.4278609152621,465.77427077900177,465.31424336889495,467.4940828184812
3.1800000000000024,0.24381387887019476,2.431152739615727,19.91233649822693,0.18500851947071784,0.1610386869128675,0.0,-0.45646865567578765,2.6116839279597315,4.860430693964803,0.08040198605370924,0.1535507775131921,0.0,430.10252501483257,427.99380185986354,429.780486354556,427.39418690501077
3.2400000000000024,0.2132537746975025,2.591304500442244,20.20527528269196,0.19012675937131984,0.16998520884530333,0.0,-0.5629960174587737,2.7270234377094185,4.903596886772063,0.09364148174809261,0.13829842627950917,0.0,450.936111154872,449.722559880427,451.0173586547408,452.09133959780013
3.3000000000000025,0.17593824212277734,2.7586751290381946,20.50187041633733,0.1958799110574656,0.17831124931924158,0.0,-0.6815809693120989,2.8523655600470326,4.98208973312075,0.1000311606853935,0.13968802273004632,0.0,463.3071991351248,463.4334529262819,463.2517299947549,463.76137026902643
3.3600000000000025,0.13142714852647366,2.9335714785921327,20.802650113764035,0.20231987424249365,0.1867632007517992,0.0,-0.8028420310392501,2.977922719696494,5.043116319168389,0.11894422295345851,0.14312067854151156,0.0,459.63778307309246,459.9275040526172,458.87166508736834,460.380350916972
3.4200000000000026,0.07984458974690736,3.115718662266707,21.105128827509976,0.20938277311736808,0.19529887021210612,0.0,-0.917279009851357,3.09412789674813,5.039008266500074,0.11513820998092936,0.14048635021518613,0.0,440.06053846560184,439.8614641266075,440.9179563034605,440.61590673792364
3.4800000000000026,0.020949714139309426,3.3052517748103862,21.40875284178118,0.21607298928729168,0.20429170521323048,0.0,-1.0466126392133612,3.224074351220949,5.081012851406769,0.10301732351765518,0.1640304154601229,0.0,455.37802925128034,457.277848582457,457.1742456022182,456.2178738188279
3.5400000000000027,-0.04561116807881648,3.5024048677107484,21.71356984642862,0.22232126315863265,0.2143682067184427,0.0,-1.17290188022227,3.3480589132084244,5.078974215121024,0.10628807770150304,0.17478953418746004,0.0,443.59283603252584,444.50252544635526,443.5833644142158,443.861387521247
3.6000000000000028,-0.12021095070197005,3.7073659771369227,22.01944276229909,0.229060937159292,0.22496881196476792,0.0,-1.3146361151743218,3.4843439511833023,5.115926562788437,0.12226956008845687,0.1802017533108829,0.0,457.37615400367787,457.8361337950978,457.641317774641,458.9224995295976
3.660000000000003,-0.2027238710109182,3.9198215444199445,22.32410920323448,0.23610874735450693,0.23583297230260314,0.0,-1.4366411405169113,3.597938995435105,5.039344578188586,0.10552568804986077,0.1827478983775151,0.0,422.6966150281929,422.94955091913425,421.4197891923156,419.98274403714515
3.720000000000003,-0.2937592006411244,4.140171233380986,22.628251363640004,0.2423744354668882,0.24734192046927816,0.0,-1.5988037853927897,3.747332550187899,5.09763934126912,0.10213935212944603,0.20558218831755382,0.0,466.9799769433843,468.79136531500785,467.18907016426544,466.9338414810998
3.780000000000003,-0.39511110428586815,4.369907196613169,22.93715338177583,0.24861829125384016,0.2592404717411254,0.0,-1.780614889614579,3.9107481605293613,5.197670026874962,0.1076573081134274,0.17697476204541962,0.0,484.1135289953532,481.9900941501491,482.61556018130517,483.04041336013734
3.840000000000003,-0.5058294197060256,4.607889194187834,23.245482914246292,0.25454418653112754,0.26987757745256946,0.0,-1.9108088353645312,4.022319051158028,5.079864683842433,0.06768589785747635,0.17789774396762217,0.0,412.86301723328285,412.97739472039257,415.20762543895864,411.6934980224395
3.900000000000003,-0.6257810784901031,4.853757796601864,23.551084888562446,0.25892345258614213,0.2803312662080515,0.0,-2.088398448531198,4.173334219885463,5.105903342822655,0.0819021254964571,0.16565095540994212,0.0,463.28038573092454,462.3440186877412,462.42470938688234,463.54728285692715
3.960000000000003,-0.7564138547150232,5.108579700741229,23.85760595305725,0.2636176097845393,0.29012160714965507,0.0,-2.2667665654502973,4.320816369603593,5.11057991068849,0.06965946854541984,0.15769484235170686,0.0,458.44439662881666,457.83610980761296,458.4204588443142,457.45102860123956
4.020000000000002,-0.8983477215750897,5.372656286943328,24.165685315957553,0.2676497723313451,0.29965227000202344,0.0,-2.4650436544263914,4.481693929011899,5.157568453912729,0.06177359139178264,0.16104687756736122,0.0,474.2635809713575,474.5432045154846,473.4226335473195,472.8184114801023
4.080000000000001,-1.050700162402107,5.644993952048275,24.471335986149576,0.2712949337948771,0.3092534207274289,0.0,-2.6141189441720134,4.596320628539052,5.030696602775723,0.05862945700652438,0.15788319386786182,0.0,417.4441502475097,417.19406345249524,416.5050787196868,416.2328257191514
4.14,-1.2125682959765804,5.92457743798131,24.77061552327725,0.27471638089375894,0.31858935867200255,0.0,-2.782196692473658,4.72313992774345,4.944912634931582,0.05360440779494184,0.150594035132491,0.0,432.33880249262734,431.74769051828974,432.0235123933108,431.60182852828694
4.199999999999998,-1.384652719467378,6.211761596017059,25.064643356349993,0.2778342797215929,0.32749403957666967,0.0,-2.9546289160920294,4.849641811056483,4.855649605425185,0.04846749649175181,0.14364982126914855,0.0,431.97613645636034,431.4113702332521,431.6957297153831,431.2637710312859
4.259999999999997,-1.5677520410898902,6.5069580218468674,25.354744583535577,0.2805226800485725,0.3361498365909643,0.0,-3.149297781612298,4.990106627437819,4.813711489382119,0.03624194400419767,0.14546141929892079,0.0,448.84871749047875,449.01495409127904,449.6646991766885,448.67409756120406
4.319999999999996,-1.763037389202784,6.810850849491669,25.643233910483982,0.28301949539300075,0.3449566950434235,0.0,-3.360809545435387,5.139416602815869,4.801699704540702,0.050629320728387085,0.14929454515380586,0.0,461.2512845524773,461.573269198587,459.62677196691845,460.7667120146616
4.379999999999995,-1.9694803013190683,7.122376294078228,25.926418822471494,0.28579535456871685,0.3544551555678783,0.0,-3.5213676901133613,5.244770693020488,4.637813892299671,0.035673524880984374,0.17201300709744172,0.0,407.53791582629066,409.58977342271555,409.366410543189,408.0344619391046
4.439999999999993,-2.184863658307385,7.439573131081413,26.197580110186827,0.2876503133304471,0.3647904715985826,0.0,-3.6589436765275973,5.328490900135343,4.401350288349949,0.01911920808601362,0.17273474751298865,0.0,379.2263766442877,379.32979995138044,381.2199796971467,379.634829112382
4.499999999999992,-2.4110326513273854,7.763535702520893,26.460522108544563,0.2882151726935023,0.37538502356145287,0.0,-3.8807605843597455,5.469873745828023,4.362534683625962,-0.030577205940694754,0.18331485665235706,0.0,452.6022795225107,453.4824722676057,455.4874904976044,451.4946501318993
4.559999999999991,-2.649137184775349,8.094788715013864,26.717274981330533,0.2860145217088057,0.38657620714613117,0.0,-4.056952619582195,5.571507652875008,4.195933085279046,-0.053102677813850335,0.19225416110154264,0.0,408.04822676707914,408.8827079719204,409.479649267116,407.4694103044322
4.6199999999999894,-2.8998015661635197,8.433294055084511,26.968265154280182,0.2823814155393354,0.3976333397112306,0.0,-4.299343832417092,5.711168504106995,4.169537294824001,-0.08278052635340682,0.1593705253981158,0.0,461.8507025483945,459.2798708655636,459.6794013756302,457.3181785551466
4.679999999999988,-3.1652967085967996,8.780087443689487,27.21780650807807,0.2773767047261133,0.40694625997408096,0.0,-4.551163592275847,5.847631321596631,4.147711781922101,-0.0847045057987902,0.14525713254000172,0.0,463.3547557074181,462.2652251867351,463.19276072715434,463.03602387499154
4.739999999999987,-3.445368829260206,9.134452214692551,27.4644047743859,0.2721810268132927,0.41576437985240755,0.0,-4.7852630478965885,5.963677590286324,4.071772771517158,-0.0906686065933888,0.1501853400644362,0.0,445.64682058820665,446.06970740795276,446.0831036183262,445.5894957414054
4.799999999999986,-3.7398529233493956,9.49574038881318,27.706838338324022,0.26652448896672,0.42543157578678237,0.0,-5.0315930406089615,6.078329225954191,4.008749549682477,-0.10268744885772975,0.17698173187686345,0.0,450.7361383575253,452.9206914408525,451.8101248430891,450.8323402545627
4.859999999999984,-4.051050513720849,9.864738003117434,27.949134141047864,0.2600803066147819,0.4368089826366379,0.0,-5.342345017316169,6.220227474361461,4.066264949803021,-0.11905813106785874,0.20724369105401685,0.0,492.68389142284155,494.94693190233056,494.5294752935874,493.3128301110998
4.919999999999983,-4.380483127944158,10.241663091331999,28.19341939884701,0.2539119506292957,0.4494723218470851,0.0,-5.639580811802712,6.342660010521981,4.075236815732262,-0.0818559906965472,0.21774766294045614,0.0,481.76019524726433,482.59388936718113,479.0514640025742,481.86359671560905
4.979999999999982,-4.728397721477222,10.62593508836694,28.43891410578521,0.24920658795039685,0.4627612390768556,0.0,-5.958370373689392,6.465205764307772,4.106204340474215,-0.07231807068727383,0.22805271926775383,0.0,492.12711658830534,492.93268419921174,490.7293519862924,491.4327216514899
5.0399999999999805,-5.093391882146475,11.016237853473662,28.681644255853335,0.24471489931400203,0.4773805633481567,0.0,-6.209135463828952,6.544093483445067,3.9840591182372194,-0.0805034945647563,0.2640270265746726,0.0,441.0015600486748,444.0217785215181,443.12737437011316,442.4493292252488
